-99456
-99257
-98062
-97855
-97749
-97001
-96847
-96530
-96510
-96456
-96313
-96126
-96044
-95768
-95222
-94967
-94710
-94660
-93896
-93542
-93203
-92641
-92442
-92133
-91053
-90904
-90825
-90688
-90671
-90359
-90074
-89650
-89280
-89232
-89051
-88704
-88442
-88441
-88181
-87647
-87091
-86557
-86233
-85449
-85337
-85150
-85119
-84789
-84482
-84464
-84453
-84202
-83695
-83669
-83400
-82880
-82623
-82066
-81704
-81199
-80365
-79566
-79416
-78583
-78308
-77292
-76589
-76115
-75856
-75844
-75824
-75657
-75342
-75033
-73872
-73617
-73395
-72719
-72677
-72443
-72076
-71359
-71232
-71192
-70969
-70709
-70442
-70349
-70283
-70265
-70091
-69839
-69816
-69683
-69612
-69546
-69097
-67945
-67506
-67464
-67201
-66909
-66604
-66380
-65977
-64953
-64760
-64293
-63759
-63681
-63271
-63227
-62976
-62683
-62611
-62610
-62361
-62301
-62067
-61432
-61347
-61266
-61173
-61052
-60527
-60520
-59470
-58952
-58093
-57787
-57770
-57716
-57499
-57192
-56873
-56409
-55966
-54819
-54593
-54189
-54008
-53786
-53330
-53288
-53281
-52854
-52833
-52782
-52719
-52707
-52258
-52096
-51867
-51748
-51171
-51057
-50675
-50526
-50356
-50207
-49984
-49967
-49818
-49807
-49599
-49329
-49131
-48936
-48399
-47734
-47496
-47335
-47199
-46978
-46710
-46676
-46271
-46067
-45776
-45710
-45306
-45030
-43880
-43644
-43253
-42953
-42645
-42289
-42131
-41311
-40371
-39793
-39791
-39489
-39169
-38329
-38321
-38234
-37299
-37132
-36722
-36579
-36478
-36466
-36127
-35406
-35399
-35047
-34485
-33948
-33477
-32888
-32523
-32430
-32006
-31698
-30979
-30858
-30745
-30132
-29552
-29503
-29084
-29047
-28989
-28725
-28611
-28504
-27964
-27593
-27569
-27237
-27193
-26223
-25599
-24361
-23668
-23589
-23310
-22797
-22225
-22194
-22059
-21655
-21562
-21515
-21128
-20989
-20479
-20078
-20006
-19818
-19091
-19079
-18784
-18630
-18388
-17746
-17664
-16102
-16064
-15662
-15606
-15258
-14912
-14901
-14814
-14759
-14437
-14115
-13753
-12962
-12631
-12534
-12506
-11150
-10847
-10783
-10549
-9460
-9070
-9045
-9039
-8886
-8637
-8357
-7926
-7584
-7152
-6985
-6706
-6391
-6288
-4843
-4759
-4321
-4082
-3911
-3783
-2569
-2479
-2206
-2034
-1802
-1717
-903
22
35
266
332
659
1270
1505
1666
1767
1985
2306
2485
2634
3557
3596
3782
4068
4284
4960
5535
5685
5696
6203
7855
8179
8216
8385
8748
9201
9483
9499
9604
10887
11319
11378
11691
11866
12044
12349
12420
12838
12950
12971
13346
13693
13943
14156
14283
14367
14668
15437
15561
16202
16317
16726
17512
17847
18262
18350
18529
18673
18863
19552
19628
19657
20306
20411
20903
21459
21502
21718
21888
21897
22215
22286
22677
22696
22862
23398
23500
23647
24244
24357
24828
25116
25751
26986
27015
27170
27215
27354
27612
27724
28084
28367
28445
28496
28556
29386
29699
30248
30740
30811
32068
32137
32586
32656
32913
33036
33129
33434
33909
33976
34133
34235
34243
34354
34899
34938
35120
35133
35167
35702
36623
36681
36986
37408
37501
37785
38225
38302
39178
39296
39485
39571
39932
40142
40294
40311
40378
40777
41188
41348
41400
41610
41867
42325
42568
42697
42867
43067
43102
43533
43552
43694
43805
43919
44158
44417
45138
45750
45952
46068
46614
47059
47109
47926
48290
48566
49602
49659
49719
49806
50203
50707
51706
51973
53273
53404
53483
53600
53872
54055
54238
54627
54821
55201
55225
55818
55970
56157
56295
56325
56334
56828
57943
58227
58540
59018
59185
59215
59710
60010
60200
60677
60930
61056
61894
62030
62704
63097
63368
63571
63626
63948
64149
64251
64318
64411
64413
64522
64525
64670
65360
65436
66815
67068
69084
70384
70759
70911
71118
71130
71237
71891
72788
74811
74830
74909
75485
75496
75882
75939
76401
76874
77093
77272
77359
77537
78338
78942
79380
79438
79831
80025
80118
80525
80684
80886
80970
81039
81323
81738
81859
82016
82329
82630
82694
83003
83333
83616
83808
85576
85672
85804
85972
86234
86572
86957
87111
87695
87789
88061
88173
88793
88942
88947
89018
89272
90123
90483
90830
91013
91104
91406
91695
91857
92023
92369
92470
93078
93370
93847
95326
96413
96420
96437
96665
96716
97300
97490
97616
98130
98265
98441
98730
98791
99316
99828
